
ruby:       [[247,212,217],[221,47,70],[137,0,17]]
topaz:      [[255,226,133],[255,198,0],[162,98,31]]
peridot:    [[176,211,114],[115,162,58],[49,91,7]]
emerald:    [[217,255,235],[23,221,98],[0,123,24]]
diamond:    [[161,251,232],[74,237,217],[26,170,167]]
lapis:      [[247,212,217],[221,47,70],[137,0,17]]                  (Ore?)
sapphire:   [[105,119,255],[51,52,212],[7,1,131]]
amethyst:   N/A

malachite:  [[100,160,135],[54,127,97],[34,94,68],[42,80,59]]          (might want to make more blue-green, and less ender-green)
limonite:   [[104,81,66],[100,73,55],[87,64,48],[81,59,44]]
hematite:   [[226,192,170],[216,175,147],[188,153,128],[175,142,119]]